7 90 139 
41 175 38 
22 248 46 
46 182 48 
129 132 5 
142 194 238 
131 38 7 
57 149 85 
135 208 206 
248 254 141 
108 219 83 
206 38 117 
120 204 37 
210 147 40 
80 208 91 
199 204 142 
196 224 195 
34 222 83 
101 138 250 
61 45 229 
16 201 102 
228 93 73 
237 123 80 
133 56 220 
167 82 151 
165 214 103 
186 88 168 
109 116 13 
40 85 190 
99 194 238 
255 188 166 
183 139 170 
109 242 105 
164 255 249 
89 254 180 
213 21 24 
185 13 216 
213 182 188 
29 78 173 
230 169 200 
38 12 203 
228 137 254 
227 22 203 
241 33 88 
76 209 143 
32 0 217 
82 143 206 
96 45 235 
53 246 70 
79 53 175 
